1 3624.96
2 3574.442666666667
3 3143.68
4 2840.9856
5 2626.9013333333337
6 2386.212571428571
7 2205.6960000000004
8 2065.2942222222223
9 1965.2608000000002
10 1861.073454545455
11 1774.2506666666668
12 1700.7852307692306
13 1637.814857142857
14 1583.2405333333325
15 1535.4880000000005
16 1493.3534117647064
17 1455.900444444445
18 1422.3898947368411
19 1392.2304000000004
20 1364.943238095239
21 1340.1367272727275
22 1317.4873043478265
23 1296.7253333333342
24 1277.6243200000001
25 1259.9926153846145
26 1243.6669629629635
27 1228.507428571428
28 1214.3933793103458
29 1201.2202666666656
30 1188.8970322580642
