1 3575.808
2 3336.8746666666666
3 2934.784
4 2750.8736000000004
5 2549.077333333333
6 2389.7234285714285
7 2208.768
8 2068.0248888888887
9 1955.4304000000006
10 1863.3076363636367
11 1777.664
12 1721.5803076923073
13 1657.124571428571
14 1601.2629333333327
15 1552.3840000000005
16 1509.2555294117653
17 1470.9191111111115
18 1443.0854736842098
19 1411.8912000000005
20 1383.66780952381
21 1358.010181818182
22 1334.5836521739134
23 1313.109333333334
24 1293.35296
25 1275.1163076923067
26 1258.230518518519
27 1242.550857142856
28 1232.189793103449
29 1218.4234666666657
30 1205.5452903225805
