1 4308.992
2 4106.922666666667
3 3500.032
4 3055.616
5 2717.013333333334
6 2456.429714285714
7 2251.7760000000003
8 2092.6008888888887
9 1965.2608000000002
10 1861.0734545454548
11 1774.2506666666668
12 1700.7852307692308
13 1637.8148571428571
14 1583.2405333333325
15 1535.4880000000005
16 1493.3534117647064
17 1455.900444444445
18 1422.3898947368411
19 1392.2304000000004
20 1364.9432380952387
21 1340.1367272727275
22 1317.4873043478262
23 1296.7253333333342
24 1277.6243200000006
25 1259.9926153846145
26 1243.6669629629637
27 1228.507428571428
28 1214.3933793103458
29 1201.2202666666656
30 1188.8970322580642
