1 2998.272
2 2804.3946666666666
3 2596.8639999999996
4 2501.8368
5 2352.4693333333335
6 2231.7348571428574
7 2070.528
8 1986.104888888889
9 1906.2784000000001
10 1820.1134545454547
11 1746.9440000000002
12 1712.128
13 1648.3474285714287
14 1593.0709333333327
15 1544.7040000000002
16 1502.0272941176472
17 1470.9191111111115
18 1443.0854736842102
19 1411.8912000000003
20 1383.66780952381
21 1358.0101818181818
22 1339.9262608695653
23 1318.229333333334
24 1298.2681600000003
25 1279.842461538461
26 1262.78162962963
27 1246.939428571428
28 1232.1897931034487
29 1218.4234666666657
30 1205.5452903225807
