16264.55
15947.32
15300.13
14834.66
14664.59
14196.27
14144.89
13796.74
13661.06
13519.50
13408.68
13417.28
13518.69
13495.40
13141.82
13029.85
13117.56
13202.64
13085.83
13074.13
13056.96
13151.75
13110.33
13118.80
13076.34
13195.13
13188.60
13207.35
13119.74
13171.52
13046.08
13282.39
13221.71
13116.43
13196.70
13190.21
13166.46
13242.62
13356.23
13356.51
13268.12
13230.51
13251.28
13308.64
13349.37
13318.19
13244.15
13253.06
13345.14
13322.07
13401.95
13353.75
13317.15
13286.14
13238.43
13258.41
13434.21
13371.81
13366.71
13329.66
13297.20
13266.27
13326.96
13308.44
13368.24
13376.02
13244.71
13354.42
13291.35
13290.29
13274.03
13322.62
13371.90
13407.44
13301.27
13294.89
13322.44
13326.99
13338.97
13337.86
13462.42
13409.00
13338.63
13356.24
13461.27
13552.30
13525.61
13461.67
13474.44
13425.68
13392.42
13455.06
13397.36
13383.54
13432.32
13424.77
13313.04
13479.30
13392.68
13275.14
