13120.84
13120.84
12957.09
12020.43
11948.02
11948.02
11883.81
11883.81
11883.81
11883.81
11883.81
11883.81
11601.15
11601.15
11520.88
11520.88
11520.88
11520.88
11520.88
11520.88
11520.88
11520.88
11520.88
11520.88
11520.88
11520.88
11520.88
11520.88
11520.88
11520.88
11520.88
11520.88
11520.88
11520.88
11520.88
11520.88
11520.88
11520.88
11520.88
11520.88
11520.88
11520.88
11520.88
11520.88
11520.88
11520.88
11520.88
11520.88
11520.88
11520.88
11520.88
11520.88
11520.88
11520.88
11520.88
11520.88
11520.88
11520.88
11520.88
11520.88
11520.88
11520.88
11520.88
11520.88
11520.88
11520.88
11520.88
11520.88
11520.88
11520.88
11520.88
11520.88
11520.88
11520.88
11520.88
11520.88
11520.88
11520.88
11520.88
11520.88
11520.88
11520.88
11520.88
11520.88
11520.88
11520.88
11520.88
11520.88
11520.88
11520.88
11520.88
11520.88
11520.88
11520.88
11520.88
11520.88
11520.88
11520.88
11520.88
11520.88
